-4 -2 -1 10 5 1 1 -8 -9 -10 -3 1 2 3 -3 1 5 0 -9 -4 7 
2 -2 -7 1 -10 2 -6 2 9 2 8 -9 8 -7 -6 9 -2 -5 -8 -5 -3 
7 7 -1 -1 -1 6 -2 -4 -3 10 -2 -2 -3 -9 -1 0 -3 -1 2 -5 3 
2 -1 10 8 -10 -10 -5 -7 0 8 1 10 10 -2 3 9 10 2 -1 2 8 
5 8 -7 -10 5 8 -9 -2 -2 5 6 -7 5 7 -4 6 -8 4 -4 6 10 
3 0 1 7 -2 5 5 -6 -4 -9 8 -7 -4 -2 10 -3 6 7 -5 -7 8 
-1 9 -8 5 -10 -5 7 -3 -10 -8 9 10 -1 -4 8 -8 -4 8 10 -1 -3 
-8 -4 9 10 -5 -8 5 -6 7 3 -7 -4 -4 3 -2 -9 -5 3 -7 4 -8 
-3 2 2 10 -5 -5 -9 8 1 2 3 2 10 -4 -9 -4 1 6 8 3 -4 
-9 -5 -2 -2 -2 1 -2 10 -10 -7 -8 0 0 -5 -8 3 8 -10 0 9 -1 
1 -2 7 -7 -6 -2 2 4 -1 8 -10 -2 8 9 -7 3 -5 1 5 6 -10 
1 3 7 -10 -3 -5 8 8 7 10 -6 -10 4 6 2 -8 10 -6 -7 -3 6 
-4 -10 8 -6 10 -3 -8 8 -6 1 -6 5 -10 -7 -8 -10 4 4 -8 1 -2 
4 4 4 -9 -7 -5 -3 -6 1 -2 -4 7 3 -8 3 -8 -5 -1 10 5 6 
-10 5 6 -6 4 1 -10 -1 5 0 6 2 -3 7 -5 1 -10 -9 -2 3 -9 
7 -7 7 1 -1 0 10 -2 -8 -1 -5 -7 2 -2 -10 1 7 -10 -6 -1 -2 
7 -10 4 2 2 -4 6 -9 -7 4 0 -3 -2 1 1 -4 9 0 -9 -6 -4 
9 -7 4 -9 9 -6 -10 7 -6 -6 5 -7 -6 -7 9 8 9 3 -8 9 4 
1 6 9 5 1 3 9 -4 0 -2 -7 8 -9 -1 -1 -8 8 0 4 10 10 
-7 10 2 -1 1 10 -7 -10 9 -4 -7 9 3 -6 -9 -10 8 6 -4 -9 0 